<svg width="1024" height="600" viewBox="0 0 1024 600" fill="none" xmlns="http://www.w3.org/2000/svg">
<rect width="1024" height="600" fill="black"/>
<g clip-path="url(#clip0_1_3)">
<path d="M40 428C40 423.582 43.5817 420 48 420H976C980.418 420 984 423.582 984 428V544C984 548.418 980.418 552 976 552H48C43.5817 552 40 548.418 40 544V428Z" fill="#183E78"/>
<path d="M702 508C702 503.582 705.582 500 710 500H946C950.418 500 954 503.582 954 508V512C954 516.418 950.418 520 946 520H710C705.582 520 702 516.418 702 512V508Z" fill="#D1B91B"/>
<path d="M672.474 519V505.909H674.417V507.886H674.553C674.792 507.239 675.224 506.713 675.849 506.31C676.474 505.906 677.178 505.705 677.962 505.705C678.11 505.705 678.295 505.707 678.516 505.713C678.738 505.719 678.906 505.727 679.019 505.739V507.784C678.951 507.767 678.795 507.741 678.55 507.707C678.312 507.668 678.059 507.648 677.792 507.648C677.156 507.648 676.587 507.781 676.087 508.048C675.593 508.31 675.201 508.673 674.911 509.139C674.627 509.599 674.485 510.125 674.485 510.716V519H672.474Z" fill="white"/>
<path d="M663.994 519.273C662.732 519.273 661.644 518.994 660.729 518.438C659.82 517.875 659.119 517.091 658.624 516.085C658.136 515.074 657.891 513.898 657.891 512.557C657.891 511.216 658.136 510.034 658.624 509.011C659.119 507.983 659.806 507.182 660.687 506.608C661.573 506.028 662.607 505.739 663.789 505.739C664.471 505.739 665.144 505.852 665.809 506.08C666.474 506.307 667.079 506.676 667.624 507.188C668.17 507.693 668.604 508.364 668.928 509.199C669.252 510.034 669.414 511.063 669.414 512.284V513.136H659.323V511.398H667.369C667.369 510.659 667.221 510 666.925 509.42C666.636 508.841 666.221 508.384 665.681 508.048C665.147 507.713 664.516 507.545 663.789 507.545C662.988 507.545 662.295 507.744 661.71 508.142C661.13 508.534 660.684 509.045 660.371 509.676C660.059 510.307 659.903 510.983 659.903 511.705V512.864C659.903 513.852 660.073 514.69 660.414 515.378C660.761 516.06 661.241 516.58 661.854 516.938C662.468 517.29 663.181 517.466 663.994 517.466C664.522 517.466 664.999 517.392 665.425 517.244C665.857 517.091 666.229 516.864 666.542 516.563C666.854 516.256 667.096 515.875 667.266 515.42L669.21 515.966C669.005 516.625 668.661 517.205 668.178 517.705C667.695 518.199 667.099 518.585 666.389 518.864C665.678 519.136 664.88 519.273 663.994 519.273Z" fill="white"/>
<path d="M655.62 505.909V507.614H648.836V505.909H655.62ZM650.813 502.773H652.825V515.25C652.825 515.818 652.907 516.244 653.072 516.528C653.242 516.807 653.458 516.994 653.719 517.091C653.987 517.182 654.268 517.227 654.563 517.227C654.785 517.227 654.967 517.216 655.109 517.193C655.251 517.165 655.364 517.142 655.45 517.125L655.859 518.932C655.722 518.983 655.532 519.034 655.288 519.085C655.043 519.142 654.734 519.17 654.359 519.17C653.79 519.17 653.234 519.048 652.688 518.804C652.148 518.56 651.7 518.188 651.342 517.688C650.989 517.188 650.813 516.557 650.813 515.795V502.773Z" fill="white"/>
<path d="M640.256 519.307C639.426 519.307 638.673 519.151 637.997 518.838C637.321 518.52 636.784 518.063 636.386 517.466C635.989 516.864 635.79 516.136 635.79 515.284C635.79 514.534 635.938 513.926 636.233 513.46C636.528 512.989 636.923 512.619 637.418 512.352C637.912 512.085 638.457 511.886 639.054 511.756C639.656 511.619 640.261 511.511 640.869 511.432C641.665 511.33 642.31 511.253 642.804 511.202C643.304 511.145 643.668 511.051 643.895 510.92C644.128 510.79 644.244 510.563 644.244 510.239V510.17C644.244 509.33 644.014 508.676 643.554 508.21C643.099 507.744 642.409 507.511 641.483 507.511C640.523 507.511 639.77 507.722 639.224 508.142C638.679 508.563 638.295 509.011 638.074 509.489L636.165 508.807C636.506 508.011 636.96 507.392 637.528 506.949C638.102 506.5 638.727 506.188 639.403 506.011C640.085 505.83 640.756 505.739 641.415 505.739C641.835 505.739 642.318 505.79 642.864 505.892C643.415 505.989 643.946 506.19 644.457 506.497C644.974 506.804 645.403 507.267 645.744 507.886C646.085 508.506 646.256 509.335 646.256 510.375V519H644.244V517.227H644.142C644.006 517.511 643.778 517.815 643.46 518.139C643.142 518.463 642.719 518.739 642.19 518.966C641.662 519.193 641.017 519.307 640.256 519.307ZM640.563 517.5C641.358 517.5 642.028 517.344 642.574 517.031C643.125 516.719 643.54 516.315 643.818 515.821C644.102 515.327 644.244 514.807 644.244 514.261V512.42C644.159 512.523 643.972 512.616 643.682 512.702C643.398 512.781 643.068 512.852 642.693 512.915C642.324 512.972 641.963 513.023 641.611 513.068C641.264 513.108 640.983 513.142 640.767 513.17C640.244 513.239 639.756 513.349 639.301 513.503C638.852 513.651 638.489 513.875 638.21 514.176C637.938 514.472 637.801 514.875 637.801 515.386C637.801 516.085 638.06 516.614 638.577 516.972C639.099 517.324 639.761 517.5 640.563 517.5Z" fill="white"/>
<path d="M618.284 519L613.511 501.545H615.659L619.307 515.761H619.477L623.193 501.545H625.58L629.295 515.761H629.466L633.114 501.545H635.261L630.489 519H628.307L624.455 505.091H624.318L620.466 519H618.284Z" fill="white"/>
<path d="M702 458C702 453.582 705.582 450 710 450H946C950.418 450 954 453.582 954 458V462C954 466.418 950.418 470 946 470H710C705.582 470 702 466.418 702 462V458Z" fill="#D1B91B"/>
<path d="M658.032 451.545V469H656.021V451.545H658.032Z" fill="white"/>
<path d="M647.541 469.273C646.279 469.273 645.191 468.994 644.276 468.438C643.367 467.875 642.666 467.091 642.171 466.085C641.683 465.074 641.438 463.898 641.438 462.557C641.438 461.216 641.683 460.034 642.171 459.011C642.666 457.983 643.353 457.182 644.234 456.608C645.12 456.028 646.154 455.739 647.336 455.739C648.018 455.739 648.691 455.852 649.356 456.08C650.021 456.307 650.626 456.676 651.171 457.188C651.717 457.693 652.151 458.364 652.475 459.199C652.799 460.034 652.961 461.063 652.961 462.284V463.136H642.87V461.398H650.916C650.916 460.659 650.768 460 650.472 459.42C650.183 458.841 649.768 458.384 649.228 458.048C648.694 457.713 648.063 457.545 647.336 457.545C646.535 457.545 645.842 457.744 645.256 458.142C644.677 458.534 644.231 459.045 643.918 459.676C643.606 460.307 643.45 460.983 643.45 461.705V462.864C643.45 463.852 643.62 464.69 643.961 465.378C644.308 466.06 644.788 466.58 645.401 466.938C646.015 467.29 646.728 467.466 647.541 467.466C648.069 467.466 648.546 467.392 648.972 467.244C649.404 467.091 649.776 466.864 650.089 466.563C650.401 466.256 650.643 465.875 650.813 465.42L652.756 465.966C652.552 466.625 652.208 467.205 651.725 467.705C651.242 468.199 650.646 468.585 649.935 468.864C649.225 469.136 648.427 469.273 647.541 469.273Z" fill="white"/>
<path d="M636.357 463.648V455.909H638.368V469H636.357V466.784H636.22C635.913 467.449 635.436 468.014 634.788 468.48C634.141 468.94 633.322 469.17 632.334 469.17C631.516 469.17 630.788 468.991 630.152 468.634C629.516 468.27 629.016 467.724 628.652 466.997C628.288 466.264 628.107 465.341 628.107 464.227V455.909H630.118V464.091C630.118 465.045 630.385 465.807 630.919 466.375C631.459 466.943 632.146 467.227 632.982 467.227C633.482 467.227 633.99 467.099 634.507 466.844C635.03 466.588 635.467 466.196 635.82 465.668C636.178 465.139 636.357 464.466 636.357 463.648Z" fill="white"/>
<path d="M615.114 469V451.545H625.58V453.42H617.227V459.318H624.795V461.193H617.227V469H615.114Z" fill="white"/>
</g>
<g clip-path="url(#clip1_1_3)">
<path d="M40 292C40 287.582 43.5817 284 48 284H976C980.418 284 984 287.582 984 292V366C984 370.418 980.418 374 976 374H48C43.5817 374 40 370.418 40 366V292Z" fill="#186223"/>
<path d="M40 182C40 177.582 43.5817 174 48 174H976C980.418 174 984 177.582 984 182V256C984 260.418 980.418 264 976 264H48C43.5817 264 40 260.418 40 256V182Z" fill="#186223"/>
<path d="M40 72C40 67.5817 43.5817 64 48 64H976C980.418 64 984 67.5817 984 72V146C984 150.418 980.418 154 976 154H48C43.5817 154 40 150.418 40 146V72Z" fill="#186223"/>
<path d="M215.01 344.455C213.192 344.455 211.587 343.995 210.195 343.077C208.803 342.149 207.714 340.842 206.928 339.156C206.142 337.461 205.749 335.458 205.749 333.148C205.749 330.856 206.142 328.867 206.928 327.182C207.714 325.496 208.807 324.194 210.209 323.276C211.61 322.357 213.23 321.898 215.067 321.898C216.487 321.898 217.609 322.134 218.433 322.608C219.267 323.072 219.901 323.602 220.337 324.199C220.782 324.786 221.127 325.269 221.374 325.648H221.658V314.909H225.01V344H221.771V340.648H221.374C221.127 341.045 220.777 341.547 220.322 342.153C219.868 342.75 219.219 343.285 218.376 343.759C217.534 344.223 216.411 344.455 215.01 344.455ZM215.465 341.443C216.809 341.443 217.946 341.093 218.874 340.392C219.802 339.682 220.507 338.702 220.99 337.452C221.473 336.192 221.715 334.739 221.715 333.091C221.715 331.462 221.478 330.037 221.004 328.815C220.531 327.584 219.83 326.628 218.902 325.946C217.974 325.255 216.828 324.909 215.465 324.909C214.044 324.909 212.86 325.274 211.913 326.003C210.976 326.723 210.27 327.703 209.797 328.943C209.333 330.174 209.101 331.557 209.101 333.091C209.101 334.644 209.338 336.055 209.811 337.324C210.294 338.583 211.004 339.587 211.942 340.335C212.889 341.074 214.063 341.443 215.465 341.443Z" fill="white"/>
<path d="M192.638 344.455C190.536 344.455 188.722 343.991 187.197 343.063C185.682 342.125 184.513 340.818 183.689 339.142C182.875 337.456 182.467 335.496 182.467 333.261C182.467 331.027 182.875 329.057 183.689 327.352C184.513 325.638 185.659 324.303 187.126 323.347C188.604 322.381 190.327 321.898 192.297 321.898C193.433 321.898 194.555 322.087 195.663 322.466C196.771 322.845 197.78 323.46 198.689 324.313C199.598 325.155 200.322 326.273 200.862 327.665C201.402 329.057 201.672 330.771 201.672 332.807V334.227H184.854V331.33H198.263C198.263 330.098 198.017 329 197.524 328.034C197.041 327.068 196.35 326.306 195.45 325.747C194.56 325.188 193.509 324.909 192.297 324.909C190.962 324.909 189.806 325.241 188.831 325.903C187.865 326.557 187.122 327.409 186.601 328.46C186.08 329.511 185.82 330.638 185.82 331.841V333.773C185.82 335.42 186.104 336.817 186.672 337.963C187.25 339.099 188.05 339.966 189.072 340.563C190.095 341.15 191.284 341.443 192.638 341.443C193.518 341.443 194.314 341.32 195.024 341.074C195.744 340.818 196.364 340.439 196.885 339.938C197.406 339.426 197.808 338.792 198.092 338.034L201.331 338.943C200.99 340.042 200.417 341.008 199.612 341.841C198.807 342.665 197.813 343.309 196.629 343.773C195.446 344.227 194.115 344.455 192.638 344.455Z" fill="white"/>
<path d="M159.115 352.182V322.182H162.354V325.648H162.751C162.998 325.269 163.339 324.786 163.774 324.199C164.219 323.602 164.854 323.072 165.678 322.608C166.511 322.134 167.638 321.898 169.058 321.898C170.895 321.898 172.515 322.357 173.916 323.276C175.318 324.194 176.411 325.496 177.197 327.182C177.983 328.867 178.376 330.856 178.376 333.148C178.376 335.458 177.983 337.461 177.197 339.156C176.411 340.842 175.322 342.149 173.93 343.077C172.538 343.995 170.933 344.455 169.115 344.455C167.714 344.455 166.591 344.223 165.749 343.759C164.906 343.285 164.257 342.75 163.803 342.153C163.348 341.547 162.998 341.045 162.751 340.648H162.467V352.182H159.115ZM162.411 333.091C162.411 334.739 162.652 336.192 163.135 337.452C163.618 338.702 164.323 339.682 165.251 340.392C166.179 341.093 167.316 341.443 168.661 341.443C170.062 341.443 171.232 341.074 172.169 340.335C173.116 339.587 173.826 338.583 174.3 337.324C174.783 336.055 175.024 334.644 175.024 333.091C175.024 331.557 174.787 330.174 174.314 328.943C173.85 327.703 173.144 326.723 172.197 326.003C171.26 325.274 170.081 324.909 168.661 324.909C167.297 324.909 166.151 325.255 165.223 325.946C164.295 326.628 163.594 327.584 163.121 328.815C162.647 330.037 162.411 331.462 162.411 333.091Z" fill="white"/>
<path d="M134.74 352.182V322.182H137.979V325.648H138.376C138.623 325.269 138.964 324.786 139.399 324.199C139.844 323.602 140.479 323.072 141.303 322.608C142.136 322.134 143.263 321.898 144.683 321.898C146.52 321.898 148.14 322.357 149.541 323.276C150.943 324.194 152.036 325.496 152.822 327.182C153.608 328.867 154.001 330.856 154.001 333.148C154.001 335.458 153.608 337.461 152.822 339.156C152.036 340.842 150.947 342.149 149.555 343.077C148.163 343.995 146.558 344.455 144.74 344.455C143.339 344.455 142.216 344.223 141.374 343.759C140.531 343.285 139.882 342.75 139.428 342.153C138.973 341.547 138.623 341.045 138.376 340.648H138.092V352.182H134.74ZM138.036 333.091C138.036 334.739 138.277 336.192 138.76 337.452C139.243 338.702 139.948 339.682 140.876 340.392C141.804 341.093 142.941 341.443 144.286 341.443C145.687 341.443 146.857 341.074 147.794 340.335C148.741 339.587 149.451 338.583 149.925 337.324C150.408 336.055 150.649 334.644 150.649 333.091C150.649 331.557 150.412 330.174 149.939 328.943C149.475 327.703 148.769 326.723 147.822 326.003C146.885 325.274 145.706 324.909 144.286 324.909C142.922 324.909 141.776 325.255 140.848 325.946C139.92 326.628 139.219 327.584 138.746 328.815C138.272 330.037 138.036 331.462 138.036 333.091Z" fill="white"/>
<path d="M119.737 344.455C117.767 344.455 116.039 343.986 114.552 343.048C113.075 342.111 111.919 340.799 111.086 339.114C110.262 337.428 109.85 335.458 109.85 333.205C109.85 330.932 110.262 328.948 111.086 327.253C111.919 325.558 113.075 324.241 114.552 323.304C116.039 322.366 117.767 321.898 119.737 321.898C121.706 321.898 123.43 322.366 124.907 323.304C126.394 324.241 127.549 325.558 128.373 327.253C129.206 328.948 129.623 330.932 129.623 333.205C129.623 335.458 129.206 337.428 128.373 339.114C127.549 340.799 126.394 342.111 124.907 343.048C123.43 343.986 121.706 344.455 119.737 344.455ZM119.737 341.443C121.233 341.443 122.464 341.06 123.43 340.293C124.396 339.526 125.111 338.517 125.575 337.267C126.039 336.017 126.271 334.663 126.271 333.205C126.271 331.746 126.039 330.387 125.575 329.128C125.111 327.868 124.396 326.85 123.43 326.074C122.464 325.297 121.233 324.909 119.737 324.909C118.24 324.909 117.009 325.297 116.043 326.074C115.077 326.85 114.362 327.868 113.898 329.128C113.434 330.387 113.202 331.746 113.202 333.205C113.202 334.663 113.434 336.017 113.898 337.267C114.362 338.517 115.077 339.526 116.043 340.293C117.009 341.06 118.24 341.443 119.737 341.443Z" fill="white"/>
<path d="M106.065 322.182V325.023H94.7578V322.182H106.065ZM98.0533 316.955H101.406V337.75C101.406 338.697 101.543 339.407 101.817 339.881C102.102 340.345 102.461 340.657 102.897 340.818C103.342 340.97 103.811 341.045 104.303 341.045C104.673 341.045 104.976 341.027 105.212 340.989C105.449 340.941 105.638 340.903 105.781 340.875L106.462 343.886C106.235 343.972 105.918 344.057 105.511 344.142C105.103 344.237 104.587 344.284 103.962 344.284C103.015 344.284 102.087 344.081 101.178 343.673C100.279 343.266 99.5305 342.646 98.9339 341.813C98.3468 340.979 98.0533 339.928 98.0533 338.659V316.955Z" fill="white"/>
<path d="M87.4318 322.182C87.2614 320.742 86.5701 319.625 85.358 318.83C84.1458 318.034 82.6591 317.636 80.8977 317.636C79.6099 317.636 78.483 317.845 77.517 318.261C76.5606 318.678 75.8125 319.251 75.2727 319.98C74.7424 320.709 74.4773 321.538 74.4773 322.466C74.4773 323.242 74.6619 323.91 75.0313 324.469C75.41 325.018 75.893 325.477 76.4801 325.847C77.0672 326.206 77.6828 326.505 78.3267 326.741C78.9706 326.969 79.5625 327.153 80.1023 327.295L83.0568 328.091C83.8144 328.29 84.6572 328.564 85.5852 328.915C86.5227 329.265 87.4176 329.743 88.2699 330.349C89.1316 330.946 89.8419 331.713 90.4006 332.651C90.9593 333.588 91.2386 334.739 91.2386 336.102C91.2386 337.674 90.8267 339.095 90.0028 340.364C89.1884 341.633 87.9953 342.641 86.4233 343.389C84.8608 344.137 82.9621 344.511 80.7273 344.511C78.6439 344.511 76.84 344.175 75.3153 343.503C73.8002 342.83 72.607 341.893 71.7358 340.69C70.8741 339.488 70.3864 338.091 70.2727 336.5H73.9091C74.0038 337.598 74.3731 338.508 75.017 339.227C75.6705 339.937 76.4943 340.468 77.4886 340.818C78.4924 341.159 79.572 341.33 80.7273 341.33C82.072 341.33 83.2794 341.112 84.3494 340.676C85.4195 340.231 86.267 339.616 86.892 338.83C87.517 338.034 87.8295 337.106 87.8295 336.045C87.8295 335.08 87.5597 334.294 87.0199 333.687C86.4801 333.081 85.7699 332.589 84.8892 332.21C84.0085 331.831 83.0568 331.5 82.0341 331.216L78.4545 330.193C76.1818 329.54 74.3826 328.607 73.0568 327.395C71.7311 326.183 71.0682 324.597 71.0682 322.636C71.0682 321.008 71.5085 319.587 72.3892 318.375C73.2794 317.153 74.4725 316.206 75.9688 315.534C77.4744 314.852 79.1553 314.511 81.0114 314.511C82.8864 314.511 84.553 314.848 86.0114 315.52C87.4697 316.183 88.625 317.092 89.4773 318.247C90.339 319.402 90.7936 320.714 90.8409 322.182H87.4318Z" fill="white"/>
<path d="M114.381 201.909V231H111.029V201.909H114.381Z" fill="white"/>
<path d="M101.537 231V209.182H104.889V231H101.537ZM103.241 205.545C102.588 205.545 102.025 205.323 101.551 204.878C101.087 204.433 100.855 203.898 100.855 203.273C100.855 202.648 101.087 202.113 101.551 201.668C102.025 201.223 102.588 201 103.241 201C103.895 201 104.454 201.223 104.918 201.668C105.391 202.113 105.628 202.648 105.628 203.273C105.628 203.898 105.391 204.433 104.918 204.878C104.454 205.323 103.895 205.545 103.241 205.545Z" fill="white"/>
<path d="M96.0682 216.455C96.0682 219.523 95.5142 222.174 94.4063 224.409C93.2983 226.644 91.7784 228.367 89.8466 229.58C87.9148 230.792 85.7083 231.398 83.2273 231.398C80.7462 231.398 78.5398 230.792 76.608 229.58C74.6761 228.367 73.1563 226.644 72.0483 224.409C70.9403 222.174 70.3864 219.523 70.3864 216.455C70.3864 213.386 70.9403 210.735 72.0483 208.5C73.1563 206.265 74.6761 204.542 76.608 203.33C78.5398 202.117 80.7462 201.511 83.2273 201.511C85.7083 201.511 87.9148 202.117 89.8466 203.33C91.7784 204.542 93.2983 206.265 94.4063 208.5C95.5142 210.735 96.0682 213.386 96.0682 216.455ZM92.6591 216.455C92.6591 213.936 92.2377 211.81 91.3949 210.077C90.5616 208.344 89.4299 207.032 88 206.142C86.5795 205.252 84.9886 204.807 83.2273 204.807C81.4659 204.807 79.8703 205.252 78.4403 206.142C77.0199 207.032 75.8883 208.344 75.0455 210.077C74.2121 211.81 73.7955 213.936 73.7955 216.455C73.7955 218.973 74.2121 221.099 75.0455 222.832C75.8883 224.565 77.0199 225.877 78.4403 226.767C79.8703 227.657 81.4659 228.102 83.2273 228.102C84.9886 228.102 86.5795 227.657 88 226.767C89.4299 225.877 90.5616 224.565 91.3949 222.832C92.2377 221.099 92.6591 218.973 92.6591 216.455Z" fill="white"/>
<path d="M716.17 232V205.818H731.972V208.631H719.341V217.477H731.153V220.29H719.341V229.187H732.176V232H716.17Z" fill="white"/>
<path d="M689.17 122V95.8182H692.341V107.477H706.301V95.8182H709.472V122H706.301V110.29H692.341V122H689.17Z" fill="white"/>
<path d="M143.254 129.364V102.364H146.168V105.483H146.526C146.748 105.142 147.055 104.707 147.447 104.179C147.847 103.642 148.418 103.165 149.16 102.747C149.91 102.321 150.924 102.108 152.202 102.108C153.856 102.108 155.313 102.521 156.575 103.348C157.836 104.175 158.82 105.347 159.528 106.864C160.235 108.381 160.589 110.17 160.589 112.233C160.589 114.313 160.235 116.115 159.528 117.641C158.82 119.158 157.84 120.334 156.587 121.169C155.335 121.996 153.89 122.409 152.254 122.409C150.992 122.409 149.982 122.2 149.224 121.783C148.465 121.357 147.881 120.875 147.472 120.338C147.063 119.793 146.748 119.341 146.526 118.983H146.271V129.364H143.254ZM146.219 112.182C146.219 113.665 146.437 114.973 146.871 116.107C147.306 117.232 147.941 118.114 148.776 118.753C149.611 119.384 150.634 119.699 151.844 119.699C153.106 119.699 154.158 119.366 155.002 118.702C155.854 118.028 156.494 117.125 156.92 115.991C157.354 114.849 157.572 113.58 157.572 112.182C157.572 110.801 157.359 109.557 156.933 108.449C156.515 107.332 155.88 106.45 155.028 105.803C154.184 105.146 153.123 104.818 151.844 104.818C150.617 104.818 149.586 105.129 148.751 105.751C147.915 106.365 147.285 107.226 146.859 108.334C146.433 109.433 146.219 110.716 146.219 112.182Z" fill="white"/>
<path d="M111.964 122V102.364H114.879V105.432H115.135C115.544 104.384 116.205 103.57 117.116 102.99C118.028 102.402 119.124 102.108 120.402 102.108C121.697 102.108 122.776 102.402 123.636 102.99C124.506 103.57 125.183 104.384 125.669 105.432H125.874C126.376 104.418 127.131 103.612 128.136 103.016C129.142 102.411 130.348 102.108 131.754 102.108C133.51 102.108 134.946 102.658 136.063 103.757C137.179 104.848 137.737 106.548 137.737 108.858V122H134.72V108.858C134.72 107.409 134.324 106.374 133.531 105.751C132.739 105.129 131.805 104.818 130.732 104.818C129.351 104.818 128.281 105.236 127.523 106.071C126.764 106.898 126.385 107.946 126.385 109.216V122H123.317V108.551C123.317 107.435 122.955 106.536 122.23 105.854C121.506 105.163 120.572 104.818 119.43 104.818C118.646 104.818 117.913 105.027 117.232 105.445C116.558 105.862 116.013 106.442 115.595 107.183C115.186 107.916 114.982 108.764 114.982 109.727V122H111.964Z" fill="white"/>
<path d="M99.2443 122.409C97.3523 122.409 95.7202 121.991 94.348 121.156C92.9844 120.312 91.9318 119.136 91.1903 117.628C90.4574 116.111 90.0909 114.347 90.0909 112.335C90.0909 110.324 90.4574 108.551 91.1903 107.017C91.9318 105.474 92.9631 104.273 94.2841 103.412C95.6136 102.543 97.1648 102.108 98.9375 102.108C99.9602 102.108 100.97 102.278 101.967 102.619C102.964 102.96 103.872 103.514 104.69 104.281C105.509 105.04 106.161 106.045 106.646 107.298C107.132 108.551 107.375 110.094 107.375 111.926V113.205H92.2386V110.597H104.307C104.307 109.489 104.085 108.5 103.642 107.631C103.207 106.761 102.585 106.075 101.776 105.572C100.974 105.07 100.028 104.818 98.9375 104.818C97.7358 104.818 96.696 105.116 95.8182 105.713C94.9489 106.301 94.2798 107.068 93.8111 108.014C93.3423 108.96 93.108 109.974 93.108 111.057V112.795C93.108 114.278 93.3636 115.536 93.875 116.567C94.3949 117.589 95.1151 118.369 96.0355 118.906C96.956 119.435 98.0256 119.699 99.2443 119.699C100.037 119.699 100.753 119.588 101.392 119.366C102.04 119.136 102.598 118.795 103.067 118.344C103.536 117.884 103.898 117.313 104.153 116.631L107.068 117.449C106.761 118.438 106.246 119.307 105.521 120.057C104.797 120.798 103.902 121.378 102.837 121.795C101.771 122.205 100.574 122.409 99.2443 122.409Z" fill="white"/>
<path d="M69.7386 98.6307V95.8182H89.375V98.6307H81.142V122H77.9716V98.6307H69.7386Z" fill="white"/>
<g clip-path="url(#clip2_1_3)">
<path d="M692 216C692 315.411 611.411 396 512 396C412.589 396 332 315.411 332 216C332 116.589 412.589 36 512 36C611.411 36 692 116.589 692 216Z" fill="#171717"/>
<path d="M672 216C672 304.366 600.366 376 512 376C423.634 376 352 304.366 352 216C352 127.634 423.634 56 512 56C600.366 56 672 127.634 672 216Z" fill="#2463C0"/>
<path d="M564.622 202.818V229H561.451V206.142H561.298L554.906 210.386V207.165L561.451 202.818H564.622Z" fill="white"/>
<path d="M550.16 214.503V217.315H538.705V214.503H550.16Z" fill="white"/>
<path d="M524.898 229.358C522.972 229.358 521.332 228.834 519.977 227.786C518.621 226.729 517.586 225.199 516.87 223.196C516.154 221.185 515.796 218.756 515.796 215.909C515.796 213.08 516.154 210.663 516.87 208.661C517.594 206.649 518.634 205.115 519.989 204.058C521.353 202.993 522.989 202.46 524.898 202.46C526.808 202.46 528.44 202.993 529.795 204.058C531.158 205.115 532.198 206.649 532.914 208.661C533.638 210.663 534.001 213.08 534.001 215.909C534.001 218.756 533.643 221.185 532.927 223.196C532.211 225.199 531.175 226.729 529.82 227.786C528.465 228.834 526.825 229.358 524.898 229.358ZM524.898 226.545C526.808 226.545 528.29 225.625 529.347 223.784C530.404 221.943 530.933 219.318 530.933 215.909C530.933 213.642 530.69 211.712 530.204 210.118C529.727 208.524 529.036 207.31 528.133 206.474C527.238 205.639 526.16 205.222 524.898 205.222C523.006 205.222 521.528 206.155 520.462 208.021C519.397 209.879 518.864 212.509 518.864 215.909C518.864 218.176 519.103 220.102 519.58 221.687C520.058 223.273 520.744 224.479 521.638 225.305C522.542 226.132 523.629 226.545 524.898 226.545Z" fill="white"/>
<path d="M502.561 229.358C500.806 229.358 499.255 229.047 497.908 228.425C496.57 227.794 495.526 226.929 494.776 225.83C494.026 224.722 493.655 223.46 493.664 222.045C493.655 220.937 493.873 219.915 494.316 218.977C494.759 218.031 495.364 217.243 496.131 216.612C496.907 215.973 497.772 215.568 498.726 215.398V215.244C497.473 214.92 496.476 214.217 495.735 213.135C494.993 212.044 494.627 210.804 494.635 209.415C494.627 208.085 494.963 206.896 495.645 205.848C496.327 204.8 497.265 203.973 498.458 203.368C499.659 202.763 501.027 202.46 502.561 202.46C504.078 202.46 505.434 202.763 506.627 203.368C507.82 203.973 508.757 204.8 509.439 205.848C510.13 206.896 510.479 208.085 510.488 209.415C510.479 210.804 510.1 212.044 509.35 213.135C508.608 214.217 507.624 214.92 506.397 215.244V215.398C507.343 215.568 508.195 215.973 508.953 216.612C509.712 217.243 510.317 218.031 510.769 218.977C511.221 219.915 511.451 220.937 511.459 222.045C511.451 223.46 511.067 224.722 510.309 225.83C509.559 226.929 508.515 227.794 507.176 228.425C505.847 229.047 504.309 229.358 502.561 229.358ZM502.561 226.545C503.746 226.545 504.769 226.354 505.63 225.97C506.49 225.587 507.155 225.045 507.624 224.347C508.093 223.648 508.331 222.83 508.34 221.892C508.331 220.903 508.076 220.03 507.573 219.271C507.07 218.513 506.384 217.916 505.515 217.482C504.654 217.047 503.669 216.83 502.561 216.83C501.445 216.83 500.448 217.047 499.57 217.482C498.701 217.916 498.015 218.513 497.512 219.271C497.017 220.03 496.774 220.903 496.783 221.892C496.774 222.83 497 223.648 497.461 224.347C497.929 225.045 498.598 225.587 499.468 225.97C500.337 226.354 501.368 226.545 502.561 226.545ZM502.561 214.119C503.499 214.119 504.33 213.932 505.054 213.557C505.787 213.182 506.363 212.658 506.78 211.984C507.198 211.311 507.411 210.523 507.419 209.619C507.411 208.733 507.202 207.962 506.793 207.305C506.384 206.641 505.817 206.129 505.093 205.771C504.368 205.405 503.524 205.222 502.561 205.222C501.581 205.222 500.725 205.405 499.992 205.771C499.259 206.129 498.692 206.641 498.292 207.305C497.891 207.962 497.695 208.733 497.703 209.619C497.695 210.523 497.895 211.311 498.304 211.984C498.722 212.658 499.297 213.182 500.03 213.557C500.763 213.932 501.607 214.119 502.561 214.119Z" fill="white"/>
<path d="M480.403 229.358C479.33 229.341 478.256 229.136 477.182 228.744C476.108 228.352 475.128 227.692 474.241 226.763C473.355 225.825 472.643 224.56 472.107 222.966C471.57 221.364 471.301 219.352 471.301 216.932C471.301 214.614 471.518 212.56 471.953 210.77C472.388 208.972 473.018 207.459 473.845 206.232C474.672 204.996 475.669 204.058 476.837 203.419C478.013 202.78 479.338 202.46 480.813 202.46C482.278 202.46 483.582 202.754 484.724 203.342C485.875 203.922 486.813 204.732 487.537 205.771C488.261 206.811 488.73 208.009 488.943 209.364H485.824C485.534 208.187 484.972 207.212 484.136 206.436C483.301 205.661 482.193 205.273 480.813 205.273C478.784 205.273 477.186 206.155 476.018 207.919C474.859 209.683 474.276 212.159 474.267 215.347H474.472C474.949 214.622 475.516 214.004 476.172 213.493C476.837 212.973 477.57 212.572 478.371 212.291C479.172 212.01 480.02 211.869 480.915 211.869C482.415 211.869 483.787 212.244 485.031 212.994C486.276 213.736 487.273 214.763 488.023 216.075C488.773 217.379 489.148 218.875 489.148 220.562C489.148 222.182 488.786 223.665 488.061 225.011C487.337 226.349 486.318 227.415 485.006 228.207C483.702 228.991 482.168 229.375 480.403 229.358ZM480.403 226.545C481.477 226.545 482.44 226.277 483.293 225.74C484.153 225.203 484.831 224.483 485.325 223.58C485.828 222.676 486.08 221.67 486.08 220.562C486.08 219.48 485.837 218.496 485.351 217.609C484.874 216.714 484.213 216.003 483.369 215.474C482.534 214.946 481.58 214.682 480.506 214.682C479.696 214.682 478.942 214.844 478.243 215.168C477.544 215.483 476.93 215.918 476.402 216.472C475.882 217.026 475.473 217.661 475.175 218.376C474.876 219.084 474.727 219.83 474.727 220.614C474.727 221.653 474.97 222.625 475.456 223.528C475.95 224.432 476.624 225.161 477.476 225.714C478.337 226.268 479.313 226.545 480.403 226.545Z" fill="white"/>
</g>
</g>
<defs>
<clipPath id="clip0_1_3">
<rect x="40" y="420" width="944" height="132" rx="8" fill="white"/>
</clipPath>
<clipPath id="clip1_1_3">
<rect width="944" height="360" fill="white" transform="translate(40 36)"/>
</clipPath>
<clipPath id="clip2_1_3">
<rect width="360" height="360" fill="white" transform="translate(332 36)"/>
</clipPath>
</defs>
</svg>
